7.562839000000000311e+00
1.049652000000000029e+01
1.009013999999999989e+01
6.244225000000000136e+00
9.371888000000000218e+00
1.024273999999999951e+01
8.476948000000000150e+00
8.837728999999999502e+00
8.126894000000000062e+00
1.130057000000000045e+01
9.228424999999999656e+00
1.001121000000000016e+01
9.575900999999999996e+00
1.083919999999999995e+01
9.735673999999999495e+00
7.317506999999999984e+00
8.982891999999999655e+00
1.201022999999999996e+01
5.803236000000000061e+00
8.246093000000000117e+00
8.411614999999999398e+00
1.080625000000000036e+01
1.230963000000000029e+01
8.456103999999999843e+00
1.220303999999999967e+01
9.142388999999999655e+00
1.106601000000000035e+01
1.053135999999999939e+01
9.743888999999999356e+00
8.747280999999999196e+00
9.187723000000000084e+00
1.192146999999999935e+01
1.145785000000000053e+01
9.687960000000000349e+00
9.411599999999999966e+00
8.276265999999999678e+00
8.804109999999999658e+00
7.745146000000000086e+00
8.802650999999999115e+00
8.929598999999999620e+00
8.145329999999999515e+00
7.485643999999999743e+00
1.010349000000000075e+01
9.040651999999999688e+00
9.581830999999999321e+00
7.517979000000000411e+00
6.977566000000000379e+00
8.881966000000000250e+00
8.677559000000000466e+00
9.067498999999999754e+00
8.942526000000000863e+00
9.483162000000000091e+00
1.004660999999999937e+01
7.266950999999999716e+00
8.421271000000000839e+00
1.086393999999999949e+01
9.532190999999999192e+00
5.750537999999999705e+00
1.010965999999999987e+01
8.576142000000000820e+00
1.000555999999999912e+01
8.645982999999999308e+00
1.189554000000000045e+01
8.589688999999999908e+00
1.102708999999999939e+01
8.507006000000000512e+00
9.210521999999999210e+00
9.995117000000000473e+00
7.944011999999999851e+00
9.250419000000000835e+00
7.517638999999999960e+00
7.300042999999999616e+00
1.119288000000000061e+01
1.034327000000000041e+01
9.902912000000000603e+00
1.149713000000000029e+01
1.122146000000000043e+01
8.820252999999999233e+00
9.421924000000000632e+00
9.295429999999999637e+00
1.090146000000000015e+01
1.135919999999999952e+01
7.937736000000000125e+00
8.644702999999999804e+00
8.544371999999999190e+00
8.955825000000000813e+00
1.057765999999999984e+01
1.094664999999999999e+01
1.091704000000000008e+01
8.665276999999999674e+00
1.059267000000000003e+01
9.329309999999999548e+00
1.136833999999999989e+01
7.374984000000000428e+00
9.182396000000000669e+00
7.722952000000000261e+00
5.309657999999999767e+00
8.024767999999999901e+00
8.061845999999999179e+00
1.016108000000000011e+01
9.379082000000000363e+00
6.467033999999999949e+00
8.121005000000000251e+00
9.045550999999999675e+00
1.195152000000000037e+01
1.099286999999999992e+01
1.247381999999999991e+01
7.815705999999999598e+00
1.043022999999999989e+01
9.762192999999999898e+00
9.603491999999999251e+00
6.436867999999999590e+00
9.103566000000000713e+00
7.503098999999999741e+00
1.140450000000000053e+01
6.867154000000000202e+00
1.143052999999999919e+01
9.824154000000000053e+00
8.920968999999999482e+00
8.987959000000000032e+00
6.949580000000000091e+00
1.093590000000000018e+01
1.153226000000000084e+01
1.084653999999999918e+01
1.233958999999999939e+01
9.388906000000000418e+00
8.862572999999999368e+00
1.041311999999999927e+01
8.078675000000000495e+00
5.070498999999999867e+00
1.156236999999999959e+01
1.180695000000000050e+01
5.599784999999999791e+00
8.456604999999999706e+00
7.551854999999999762e+00
8.832186999999999344e+00
1.096973000000000020e+01
9.980168000000000816e+00
4.990426000000000251e+00
1.028899999999999970e+01
1.011811999999999934e+01
1.028780000000000072e+01
5.990514000000000117e+00
1.139422000000000068e+01
5.201197999999999766e+00
9.206500999999999379e+00
6.868895000000000195e+00
9.372379999999999711e+00
8.643140000000000711e+00
6.322348999999999997e+00
9.989919999999999689e+00
6.033592999999999762e+00
9.000731999999999289e+00
1.227158999999999978e+01
1.147666000000000075e+01
1.059151999999999916e+01
1.112200999999999951e+01
1.130574000000000012e+01
8.567690999999999946e+00
7.257901999999999632e+00
1.010164999999999935e+01
9.940925999999999263e+00
9.574465999999999255e+00
7.907854999999999634e+00
1.093130000000000024e+01
8.606820000000000803e+00
8.999660000000000437e+00
8.101829000000000391e+00
7.177103999999999928e+00
9.695864999999999512e+00
1.108829000000000065e+01
8.282071000000000183e+00
9.632870999999999739e+00
1.079490000000000016e+01
1.084126000000000012e+01
1.218801999999999985e+01
8.286685999999999552e+00
1.240290000000000070e+01
1.052740999999999971e+01
1.210759999999999970e+01
9.096206000000000458e+00
8.730235999999999663e+00
8.521829999999999572e+00
7.947043999999999997e+00
9.345109000000000776e+00
9.705451999999999302e+00
9.545315999999999690e+00
9.807261999999999702e+00
1.121804000000000023e+01
1.132956000000000074e+01
7.351966000000000001e+00
1.004759999999999920e+01
9.497595999999999705e+00
8.024763999999999342e+00
7.332596999999999809e+00
1.246820999999999913e+01
1.108951000000000064e+01
9.463920999999999140e+00
6.512406000000000361e+00
8.954931000000000196e+00
9.400512000000000867e+00
9.739276000000000266e+00
9.611769999999999925e+00
9.454418000000000433e+00
9.002629000000000659e+00
1.015826000000000029e+01
7.744138000000000410e+00
9.539709000000000216e+00
9.337844000000000477e+00
9.961512000000000810e+00
8.449407000000000778e+00
1.104265000000000008e+01
9.653242000000000544e+00
9.946844000000000463e+00
8.811937999999999604e+00
7.033769999999999634e+00
1.058536999999999928e+01
1.038748999999999967e+01
1.031789999999999985e+01
8.125284999999999869e+00
8.003657999999999717e+00
9.446913000000000338e+00
9.370836000000000610e+00
9.146753000000000355e+00
9.567785999999999902e+00
9.045246000000000564e+00
7.121114999999999640e+00
8.318018999999999608e+00
9.058723999999999776e+00
1.005067000000000021e+01
9.522982999999999976e+00
6.686931999999999654e+00
8.869106000000000378e+00
1.059413999999999945e+01
1.033634999999999948e+01
1.165633000000000052e+01
8.887392000000000181e+00
1.038882000000000083e+01
8.473952000000000595e+00
1.042486000000000068e+01
1.110224999999999973e+01
5.438066000000000066e+00
9.612142999999999660e+00
1.149517999999999951e+01
8.700886000000000564e+00
1.004594999999999949e+01
9.314671999999999841e+00
1.261445999999999934e+01
1.010476000000000063e+01
9.639806999999999348e+00
9.025052000000000518e+00
8.387663999999999120e+00
1.051900999999999975e+01
1.109385999999999939e+01
8.395333000000000823e+00
9.333598999999999535e+00
1.161483999999999916e+01
9.708804000000000656e+00
9.382403999999999300e+00
8.282501999999999143e+00
8.805951999999999558e+00
7.526342999999999783e+00
1.127384999999999948e+01
9.085689999999999600e+00
8.406406000000000489e+00
1.087262999999999913e+01
9.185648999999999731e+00
8.687893000000000754e+00
9.101959000000000799e+00
9.563245000000000218e+00
1.111556000000000033e+01
9.467043999999999571e+00
4.979783000000000293e+00
9.773742000000000374e+00
7.357854999999999812e+00
7.780045999999999573e+00
9.593951000000000562e+00
1.191043999999999947e+01
9.646402000000000143e+00
8.054750999999999550e+00
1.196275999999999939e+01
1.014109999999999978e+01
9.075435000000000585e+00
1.256096999999999930e+01
8.241227999999999554e+00
1.018280000000000030e+01
8.973492000000000246e+00
8.714098999999999151e+00
7.740803999999999796e+00
8.705204000000000164e+00
9.539573999999999998e+00
9.855104000000000752e+00
8.778048999999999324e+00
1.072095000000000020e+01
1.084806000000000026e+01
9.608556999999999348e+00
7.016201999999999828e+00
1.134746999999999950e+01
8.628569999999999851e+00
8.907018000000000768e+00
7.908254000000000339e+00
9.118223999999999663e+00
9.954140999999999906e+00
1.113883000000000045e+01
1.191652999999999984e+01
8.843560000000000088e+00
9.084172000000000580e+00
1.230663000000000018e+01
7.405751999999999668e+00
1.181903999999999932e+01
6.328484000000000442e+00
6.060069999999999624e+00
8.226376999999999384e+00
4.662223000000000006e+00
1.228120000000000012e+01
6.339773000000000103e+00
7.395982000000000056e+00
9.986630999999999148e+00
9.165293999999999386e+00
8.042858999999999980e+00
8.597841000000000733e+00
1.008779000000000003e+01
7.649615999999999971e+00
9.405067000000000732e+00
9.245917999999999637e+00
9.509868000000000876e+00
9.573541999999999774e+00
8.632763999999999882e+00
6.567432000000000158e+00
6.742378999999999678e+00
1.109951000000000043e+01
7.579485000000000028e+00
1.210590999999999973e+01
1.126429000000000080e+01
9.295035999999999632e+00
9.383357999999999421e+00
9.389343999999999468e+00
9.508293000000000106e+00
7.469123999999999874e+00
7.358598999999999890e+00
1.026524000000000036e+01
1.139879999999999960e+01
8.886077000000000226e+00
9.461138999999999299e+00
1.109088999999999992e+01
8.685625999999999181e+00
1.018085999999999913e+01
1.086190999999999995e+01
1.079202000000000083e+01
1.012701999999999991e+01
7.080966000000000093e+00
7.092316000000000287e+00
9.831801000000000457e+00
8.953602999999999312e+00
1.011788999999999916e+01
6.847558000000000256e+00
1.104526000000000074e+01
9.120483000000000118e+00
9.283922999999999703e+00
8.819947000000000870e+00
8.875560999999999368e+00
7.096212000000000408e+00
1.149086999999999925e+01
8.598622999999999905e+00
7.958644999999999747e+00
8.955211999999999506e+00
1.104637999999999920e+01
6.723969999999999558e+00
9.572196999999999178e+00
7.740078999999999709e+00
5.535726999999999620e+00
1.257760999999999996e+01
8.543504999999999683e+00
1.007382999999999917e+01
8.769856000000000762e+00
7.707733000000000168e+00
9.994462000000000401e+00
8.690803000000000722e+00
1.043872999999999962e+01
1.032020999999999944e+01
7.411696000000000062e+00
9.896001000000000047e+00
8.877280999999999977e+00
9.934011999999999176e+00
5.704653000000000418e+00
8.017651000000000749e+00
1.010213000000000072e+01
1.115282999999999980e+01
9.155950000000000699e+00
1.097430999999999912e+01
9.345257000000000147e+00
9.870395000000000252e+00
1.033727999999999980e+01
1.102441999999999922e+01
5.628046000000000326e+00
8.272703999999999169e+00
1.150971999999999973e+01
8.705749000000000848e+00
6.326573999999999920e+00
1.068730000000000047e+01
8.354119000000000739e+00
8.396153999999999229e+00
9.440011999999999404e+00
7.500058000000000114e+00
1.197979999999999912e+01
6.315784999999999982e+00
1.168876000000000026e+01
7.583701999999999721e+00
9.646055000000000490e+00
9.841701000000000477e+00
7.548339000000000354e+00
1.016338000000000008e+01
8.114107999999999876e+00
6.796115999999999602e+00
8.725972000000000506e+00
8.635617999999999128e+00
5.522494000000000014e+00
9.115049000000000845e+00
7.806118999999999808e+00
9.917291999999999774e+00
1.125037000000000020e+01
5.951997999999999678e+00
9.909501000000000559e+00
8.798061000000000575e+00
1.008079999999999998e+01
6.494068000000000396e+00
1.159242000000000061e+01
6.415919999999999845e+00
1.041527999999999921e+01
8.122493999999999659e+00
9.780212999999999823e+00
7.156710999999999601e+00
9.577610999999999208e+00
6.517328000000000010e+00
1.113280999999999921e+01
1.238630000000000031e+01
8.950487000000000748e+00
9.992504999999999526e+00
7.899194999999999744e+00
9.350979999999999848e+00
1.199030999999999914e+01
1.015598999999999918e+01
8.037069000000000685e+00
7.937082000000000193e+00
5.521679999999999922e+00
9.380656999999999357e+00
8.897617999999999583e+00
9.488694999999999879e+00
8.303604999999999237e+00
1.018163000000000018e+01
1.026295000000000002e+01
8.486359000000000208e+00
9.326537000000000077e+00
9.303148999999999447e+00
9.250476000000000809e+00
1.125211000000000006e+01
8.653636000000000550e+00
9.086911999999999878e+00
1.013325999999999993e+01
8.865774000000000044e+00
9.657640000000000668e+00
1.019829000000000008e+01
4.158364999999999867e+00
9.576295000000000002e+00
9.485314000000000689e+00
7.726041999999999632e+00
9.893185000000000784e+00
8.736788999999999916e+00
9.064406999999999215e+00
1.177211999999999925e+01
1.043199000000000076e+01
7.296260000000000190e+00
9.368950999999999141e+00
1.119768999999999970e+01
1.030924000000000085e+01
1.138080000000000069e+01
1.051280000000000037e+01
6.885698999999999792e+00
7.496360000000000134e+00
9.081925999999999277e+00
8.375973999999999364e+00
1.004939000000000071e+01
1.033784999999999954e+01
9.785408999999999580e+00
8.433939999999999770e+00
9.633649999999999380e+00
1.126971999999999952e+01
1.165625000000000000e+01
1.083871000000000073e+01
1.137287000000000070e+01
5.866149000000000058e+00
7.725990999999999609e+00
9.229736000000000828e+00
8.210960999999999288e+00
1.062260999999999989e+01
1.073497000000000057e+01
1.064943000000000062e+01
1.010149000000000008e+01
7.678838999999999970e+00
9.143712999999999980e+00
9.271150000000000446e+00
7.835084000000000160e+00
9.024468999999999852e+00
7.822000000000000064e+00
1.092905000000000015e+01
9.148122000000000753e+00
9.945278999999999314e+00
8.864326000000000150e+00
1.270176999999999978e+01
8.328815000000000524e+00
9.500310999999999950e+00
9.632308999999999344e+00
1.220346999999999937e+01
8.842307999999999168e+00
8.745079999999999742e+00
6.732204000000000299e+00
7.331457999999999586e+00
1.031695000000000029e+01
8.285906000000000660e+00
1.088366000000000078e+01
1.196235000000000070e+01
9.693849000000000160e+00
1.179307000000000016e+01
8.905224000000000473e+00
8.470554999999999168e+00
9.211491000000000540e+00
1.042774999999999963e+01
1.179734999999999978e+01
1.126848000000000027e+01
8.498770000000000380e+00
8.670113000000000625e+00
1.093915999999999933e+01
8.863395000000000579e+00
1.150897999999999932e+01
7.687740999999999936e+00
8.853035999999999461e+00
7.750712000000000046e+00
1.020908000000000015e+01
1.021814999999999962e+01
1.203388999999999953e+01
1.153076000000000079e+01
8.582580999999999349e+00
7.993952000000000169e+00
8.832191999999999155e+00
8.858553000000000566e+00
1.057920000000000016e+01
7.136326999999999643e+00
1.079926000000000030e+01
1.064398000000000089e+01
8.111720000000000041e+00
8.795037000000000660e+00
1.177870000000000061e+01
1.047794000000000025e+01
1.127867999999999959e+01
7.308769999999999989e+00
1.113635000000000019e+01
9.861086000000000240e+00
7.472049000000000163e+00
1.130458999999999925e+01
7.518964000000000425e+00
6.458183000000000007e+00
1.074056999999999995e+01
1.099681999999999960e+01
8.363561999999999941e+00
9.322122999999999493e+00
1.066066999999999965e+01
7.440103999999999829e+00
7.735561999999999827e+00
7.315133000000000330e+00
9.368085999999999913e+00
8.779175999999999647e+00
1.053297000000000061e+01
6.173214999999999897e+00
9.770493000000000094e+00
8.634862000000000037e+00
5.992732000000000170e+00
9.212505000000000166e+00
1.027429000000000059e+01
8.924770000000000536e+00
8.551291000000000864e+00
9.761661999999999395e+00
9.979962999999999695e+00
9.628363000000000227e+00
1.071620000000000061e+01
8.850279999999999703e+00
1.150056999999999974e+01
1.005639000000000038e+01
8.412302000000000390e+00
1.032911999999999964e+01
7.557426999999999673e+00
8.036621999999999488e+00
9.685551999999999495e+00
1.190076999999999963e+01
7.951304999999999623e+00
1.168286999999999942e+01
9.015598999999999918e+00
9.204001999999999128e+00
8.676833999999999492e+00
8.394569000000000614e+00
1.150422000000000011e+01
8.976715000000000444e+00
9.029543999999999571e+00
9.273656000000000788e+00
1.228730000000000011e+01
9.722495000000000331e+00
4.647217000000000375e+00
7.353394999999999904e+00
9.929849000000000814e+00
8.330033999999999494e+00
9.518817999999999557e+00
1.024770999999999965e+01
9.166169999999999263e+00
1.043665000000000020e+01
9.226929999999999410e+00
9.545607999999999649e+00
1.142478000000000016e+01
6.421860999999999819e+00
9.465401999999999205e+00
7.533661000000000385e+00
7.805075999999999681e+00
9.216566999999999510e+00
9.690644000000000702e+00
5.842437999999999576e+00
8.720553999999999917e+00
8.052476999999999663e+00
6.206564000000000192e+00
8.398455999999999477e+00
1.130382999999999960e+01
9.559195000000000775e+00
7.536558999999999564e+00
9.997773999999999717e+00
1.208314000000000021e+01
9.785928999999999434e+00
1.034634999999999927e+01
1.000282999999999944e+01
8.565564999999999429e+00
1.003566999999999965e+01
9.297812000000000410e+00
8.968332000000000193e+00
7.604695999999999678e+00
1.064653000000000027e+01
1.062513000000000041e+01
9.571820000000000661e+00
1.049733999999999945e+01
8.105318000000000467e+00
1.084117999999999959e+01
9.890632000000000090e+00
1.020095000000000063e+01
9.469300000000000495e+00
1.086347999999999914e+01
7.871991000000000405e+00
1.001556000000000068e+01
9.711266999999999427e+00
7.354048999999999836e+00
8.462614000000000303e+00
1.039164000000000065e+01
7.703594999999999970e+00
8.637380999999999531e+00
7.039983999999999575e+00
1.060342999999999947e+01
1.012921000000000049e+01
1.009886000000000017e+01
1.124230000000000018e+01
9.501151000000000124e+00
1.021421999999999919e+01
7.269546000000000063e+00
9.894522000000000261e+00
1.045435999999999943e+01
9.707933999999999841e+00
1.116173999999999999e+01
1.196316000000000024e+01
8.629982000000000042e+00
1.062124000000000024e+01
9.840182999999999680e+00
8.749876999999999683e+00
9.816050999999999860e+00
7.516650000000000276e+00
7.730209000000000330e+00
7.117751000000000161e+00
1.059755999999999965e+01
6.287959999999999994e+00
1.006572000000000067e+01
1.046658000000000044e+01
1.198817999999999984e+01
7.570905999999999914e+00
5.723872000000000071e+00
1.103503000000000078e+01
7.188615000000000421e+00
7.664200000000000124e+00
6.460168999999999606e+00
7.932108999999999632e+00
1.149216999999999977e+01
6.415543999999999691e+00
1.212416999999999945e+01
9.606367999999999796e+00
9.394446999999999548e+00
9.480304999999999538e+00
9.113258999999999332e+00
9.031235999999999819e+00
9.904035000000000366e+00
9.146350999999999232e+00
5.830376000000000225e+00
5.041655999999999693e+00
8.411597000000000435e+00
9.598895000000000621e+00
1.221907999999999994e+01
1.021742000000000061e+01
8.920346999999999582e+00
7.797329999999999650e+00
7.891059000000000268e+00
8.429700000000000415e+00
1.211544999999999916e+01
9.747327999999999548e+00
9.218467999999999662e+00
1.051087000000000060e+01
9.769311999999999330e+00
9.282840999999999454e+00
9.949218000000000117e+00
1.069927000000000028e+01
9.675134999999999152e+00
1.122611000000000026e+01
1.165582000000000029e+01
1.038325000000000031e+01
1.112733000000000061e+01
1.085895000000000010e+01
7.848138999999999754e+00
8.497358000000000189e+00
9.714016000000000872e+00
1.030988999999999933e+01
8.260059000000000040e+00
9.960317999999999117e+00
1.048225000000000051e+01
9.571348000000000411e+00
1.062494000000000050e+01
9.322293999999999414e+00
9.409563000000000343e+00
1.100475999999999921e+01
8.274786000000000641e+00
1.205184999999999995e+01
1.115835000000000043e+01
1.058665000000000056e+01
1.027621000000000073e+01
1.111832000000000065e+01
1.077031999999999989e+01
1.241191000000000066e+01
1.036520999999999937e+01
8.124492000000000047e+00
7.524067999999999756e+00
8.754115999999999786e+00
8.196559999999999846e+00
9.265240000000000364e+00
7.714184999999999626e+00
8.917270000000000252e+00
8.437894000000000005e+00
1.156325000000000003e+01
1.081362999999999985e+01
9.450791999999999859e+00
1.266807000000000016e+01
1.056947000000000081e+01
1.062085000000000079e+01
5.940097999999999878e+00
9.900275000000000603e+00
9.326257000000000019e+00
8.203469999999999374e+00
7.420736999999999917e+00
7.548319000000000223e+00
9.578836000000000794e+00
9.732172999999999519e+00
8.521857999999999933e+00
1.028923999999999950e+01
9.739653000000000560e+00
8.474914000000000058e+00
9.480147000000000546e+00
7.336892999999999887e+00
1.128262999999999927e+01
9.686944999999999695e+00
7.867854000000000347e+00
7.926970999999999989e+00
8.408006999999999564e+00
8.540122000000000213e+00
9.759567000000000547e+00
1.247094000000000058e+01
8.118178999999999590e+00
7.751223000000000418e+00
6.931301999999999630e+00
8.268577999999999761e+00
1.116666000000000025e+01
1.030907000000000018e+01
9.628512999999999877e+00
8.925708999999999449e+00
1.010082000000000058e+01
1.135859999999999914e+01
9.966708000000000567e+00
9.306494999999999962e+00
7.104002000000000372e+00
1.071529999999999916e+01
8.952821000000000140e+00
1.160615999999999914e+01
1.142714999999999925e+01
9.173702000000000467e+00
1.124208999999999925e+01
8.997211000000000070e+00
9.830560000000000187e+00
7.566677999999999571e+00
8.578022000000000702e+00
9.879341000000000150e+00
6.722417000000000087e+00
1.201402999999999999e+01
1.115935999999999950e+01
8.570586999999999733e+00
1.078265000000000029e+01
9.310192999999999941e+00
9.565428999999999959e+00
1.198818999999999946e+01
6.935762999999999678e+00
9.745711000000000013e+00
1.076845999999999925e+01
7.853849000000000302e+00
8.638617999999999242e+00
1.166583999999999932e+01
7.834373000000000253e+00
9.722559999999999647e+00
8.286609000000000336e+00
9.796357999999999677e+00
9.257854999999999279e+00
9.942966000000000193e+00
1.041774000000000022e+01
1.141568000000000005e+01
9.309314000000000533e+00
1.171310000000000073e+01
1.116474000000000011e+01
1.048473000000000077e+01
9.495732000000000284e+00
1.123124999999999929e+01
1.224841999999999942e+01
5.248053999999999775e+00
9.285455000000000680e+00
8.386447999999999681e+00
9.520509999999999806e+00
1.067101000000000077e+01
6.735027999999999793e+00
8.736302999999999486e+00
9.286799000000000248e+00
7.678853000000000151e+00
7.955434999999999590e+00
8.876796999999999827e+00
1.054054999999999964e+01
7.315240000000000187e+00
9.928083000000000879e+00
9.478595000000000326e+00
1.046635999999999989e+01
8.224638999999999811e+00
1.006178000000000061e+01
1.185782000000000025e+01
1.140107000000000070e+01
9.720356000000000662e+00
8.564999999999999503e+00
9.865149000000000612e+00
7.084566999999999837e+00
6.983061000000000185e+00
7.540522000000000169e+00
1.000207999999999942e+01
7.816506000000000398e+00
8.166009000000000739e+00
1.055752000000000024e+01
1.044800000000000040e+01
1.177978000000000058e+01
1.066255999999999915e+01
9.094834999999999781e+00
1.068868999999999936e+01
1.017808999999999919e+01
1.048867000000000083e+01
1.102399999999999913e+01
1.026626000000000083e+01
8.676766000000000645e+00
9.811813000000000784e+00
8.871090000000000586e+00
8.983235999999999777e+00
1.035678000000000054e+01
9.286231000000000790e+00
4.850636999999999865e+00
7.349045000000000272e+00
1.106714000000000020e+01
8.395129999999999981e+00
6.528629999999999711e+00
7.925098000000000198e+00
1.045243999999999929e+01
6.211556999999999995e+00
8.157377999999999574e+00
8.727315000000000822e+00
7.441154000000000046e+00
1.100669000000000075e+01
9.958662999999999599e+00
1.124451000000000001e+01
7.860597000000000278e+00
5.835232999999999670e+00
7.295134000000000007e+00
9.715512000000000370e+00
9.461850000000000094e+00
7.978715000000000224e+00
1.010524999999999984e+01
7.710276999999999603e+00
7.983970000000000233e+00
8.468640000000000612e+00
1.041008000000000067e+01
8.669793000000000305e+00
1.106244000000000050e+01
8.657358000000000331e+00
1.072560999999999964e+01
8.180313999999999197e+00
8.819480999999999682e+00
7.302316000000000251e+00
6.386092999999999797e+00
8.188278999999999641e+00
1.006043000000000021e+01
1.047429999999999950e+01
1.024262000000000050e+01
9.305861999999999412e+00
1.302149000000000001e+01
1.128641999999999967e+01
9.406980000000000786e+00
9.067159999999999442e+00
9.950962000000000529e+00
7.226892000000000316e+00
6.410378999999999827e+00
6.190682999999999936e+00
8.408951999999999316e+00
5.141327000000000425e+00
1.003980999999999923e+01
7.163209000000000160e+00
9.050833000000000794e+00
9.739423999999999637e+00
9.163453999999999766e+00
9.837514999999999787e+00
7.019435999999999787e+00
7.451312999999999853e+00
9.634548000000000556e+00
7.256490999999999580e+00
7.085914999999999964e+00
1.129118000000000066e+01
1.084351999999999983e+01
8.149843000000000615e+00
1.294839999999999947e+01
6.255424999999999791e+00
8.757974000000000814e+00
8.521658999999999651e+00
5.517642999999999631e+00
8.582344000000000861e+00
1.127054000000000045e+01
9.761495999999999285e+00
5.200903000000000276e+00
8.282769000000000048e+00
6.492582999999999771e+00
8.168319999999999581e+00
7.817478999999999623e+00
1.024015999999999948e+01
8.005921999999999983e+00
9.420989999999999753e+00
7.405866999999999756e+00
9.268893999999999522e+00
9.224449999999999150e+00
9.976827000000000112e+00
1.074056000000000033e+01
8.687877000000000294e+00
8.679973000000000383e+00
9.368581999999999965e+00
1.094064000000000014e+01
1.068811000000000000e+01
8.056677999999999784e+00
1.040127000000000024e+01
9.381382999999999583e+00
9.643703999999999610e+00
6.859987000000000279e+00
9.844462000000000046e+00
9.164588999999999430e+00
8.751749000000000223e+00
6.993153000000000397e+00
8.101257000000000374e+00
9.986995000000000289e+00
1.028959000000000046e+01
9.478987000000000052e+00
1.003511999999999915e+01
9.787902000000000768e+00
9.599432000000000187e+00
8.055733999999999284e+00
7.443615999999999566e+00
5.374063999999999730e+00
9.374100999999999573e+00
9.756648000000000209e+00
9.546402000000000498e+00
1.110646000000000022e+01
1.045592000000000077e+01
8.946469999999999700e+00
7.721840000000000259e+00
1.235857000000000028e+01
8.529367000000000587e+00
8.403112999999999388e+00
1.057206000000000046e+01
5.823697000000000124e+00
9.692740999999999829e+00
1.130719000000000030e+01
1.038364999999999938e+01
8.346062999999999121e+00
8.621869999999999479e+00
9.809290000000000731e+00
1.036937999999999960e+01
1.140628000000000064e+01
5.000710999999999906e+00
8.293995000000000672e+00
7.257886000000000060e+00
1.073901000000000039e+01
9.694015999999999522e+00
9.403254000000000445e+00
1.034891999999999967e+01
7.468021000000000242e+00
1.017900999999999989e+01
1.047316000000000003e+01
1.164226999999999990e+01
8.164542000000000854e+00
8.128750999999999394e+00
8.831270999999999205e+00
9.777087999999999113e+00
9.878341000000000705e+00
9.142058999999999713e+00
9.197955000000000325e+00
1.069782999999999973e+01
1.038105999999999973e+01
8.219533000000000200e+00
1.145543999999999940e+01
9.274824000000000623e+00
1.102073999999999998e+01
9.876274999999999693e+00
1.081678999999999924e+01
1.050384999999999991e+01
6.840232999999999564e+00
9.292490000000000805e+00
6.340972999999999971e+00
9.668668999999999514e+00
1.019562999999999953e+01
9.414595999999999520e+00
9.147764000000000451e+00
5.565259000000000178e+00
1.102194000000000074e+01
5.914877999999999858e+00
9.253334999999999866e+00
9.968213000000000434e+00
8.202078000000000202e+00
1.201002000000000081e+01
8.139291000000000054e+00
8.504564000000000235e+00
9.493282000000000664e+00
1.061321000000000048e+01
9.755720999999999421e+00
1.189888999999999974e+01
8.792559000000000680e+00
1.173884999999999934e+01
9.110867999999999967e+00
8.602605999999999753e+00
1.095073999999999970e+01
1.122968999999999973e+01
6.315496000000000443e+00
8.258155999999999608e+00
6.699920999999999793e+00
1.021772999999999954e+01
1.020594000000000001e+01
5.653463000000000349e+00
7.881974999999999731e+00
4.572466000000000363e+00
1.110352999999999923e+01
9.372116000000000113e+00
9.013638999999999513e+00
1.055782999999999916e+01
1.105166999999999966e+01
1.003392000000000017e+01
1.070115999999999978e+01
1.092300000000000004e+01
8.216544999999999987e+00
9.875324000000000879e+00
5.666850000000000165e+00
9.324118000000000350e+00
1.005423000000000044e+01
8.028211999999999904e+00
8.656840000000000757e+00
9.311144999999999783e+00
1.001557999999999993e+01
1.008089000000000013e+01
7.901747000000000298e+00
1.040788000000000046e+01
9.807824000000000098e+00
6.401068000000000424e+00
7.735622000000000220e+00
8.877451000000000647e+00
9.239188999999999652e+00
8.707900999999999669e+00
8.435969999999999303e+00
1.255167999999999928e+01
1.047952000000000083e+01
9.904149000000000314e+00
8.709448000000000079e+00
9.086722999999999217e+00
1.076042999999999950e+01
7.798626999999999754e+00
7.027790999999999677e+00
1.127533999999999992e+01
1.053752000000000066e+01
1.205924000000000085e+01
9.881688999999999723e+00
1.039635999999999960e+01
1.105414000000000030e+01
9.868465999999999738e+00
1.025835000000000008e+01
8.453601000000000809e+00
7.138976999999999684e+00
1.044392000000000031e+01
7.358952000000000382e+00
7.785457000000000072e+00
8.635016000000000247e+00
9.445095999999999492e+00
9.251039000000000456e+00
1.010519000000000034e+01
1.071275999999999939e+01
6.521832999999999991e+00
1.244439000000000028e+01
1.022047000000000061e+01
8.468241000000000795e+00
8.617060000000000386e+00
6.830472000000000321e+00
1.074263000000000012e+01
1.168308999999999997e+01
1.115156999999999954e+01
9.439405000000000712e+00
1.030589999999999939e+01
1.039152999999999949e+01
7.188113999999999670e+00
1.089471999999999952e+01
7.726860000000000284e+00
9.722049999999999415e+00
8.925691999999999737e+00
9.923353999999999786e+00
8.667939999999999756e+00
1.018741999999999948e+01
7.343818999999999875e+00
9.618190000000000239e+00
8.862982000000000582e+00
9.854618000000000322e+00
1.105217000000000027e+01
6.678695000000000270e+00
8.499656999999999130e+00
9.403710000000000235e+00
7.153379000000000154e+00
1.041381999999999941e+01
9.743057000000000301e+00
1.053907000000000060e+01
1.087556999999999974e+01
8.113861999999999242e+00
1.086506999999999934e+01
8.015280000000000626e+00
9.730017999999999390e+00
1.088113000000000063e+01
1.000727000000000011e+01
9.008796999999999500e+00
7.462672999999999668e+00
1.170970999999999940e+01
4.777800000000000047e+00
6.754477999999999760e+00
9.448071999999999804e+00
1.014047000000000054e+01
1.177904000000000018e+01
8.909753999999999508e+00
8.861017000000000365e+00
1.173385999999999996e+01
9.611442999999999515e+00
1.123476999999999926e+01
9.498882000000000048e+00
1.180344000000000015e+01
1.091577999999999982e+01
1.153367000000000075e+01
8.793138000000000787e+00
1.132013000000000069e+01
7.881312000000000317e+00
1.082324000000000019e+01
8.571192999999999174e+00
8.552792000000000172e+00
1.234342000000000006e+01
1.062762999999999991e+01
6.694929000000000130e+00
1.030640999999999963e+01
1.041525999999999996e+01
1.011103999999999914e+01
9.607376999999999612e+00
1.068631000000000064e+01
7.509896999999999601e+00
8.374302999999999386e+00
9.411307000000000755e+00
9.011713999999999558e+00
9.449602999999999753e+00
1.093932000000000038e+01
9.705277000000000598e+00
8.871980000000000643e+00
6.141843999999999859e+00
9.857264999999999944e+00
8.165986000000000189e+00
5.766206000000000387e+00
7.603628999999999749e+00
1.142462000000000089e+01
9.665003000000000455e+00
8.604312999999999434e+00
9.552619999999999223e+00
8.751739000000000601e+00
1.117295999999999978e+01
7.704918000000000156e+00
9.600277999999999423e+00
9.297613000000000127e+00
1.071598999999999968e+01
9.269904999999999617e+00
9.474009000000000569e+00
8.674374000000000251e+00
9.289471000000000700e+00
7.369064999999999976e+00
1.089359999999999928e+01
1.059089999999999954e+01
9.522633000000000791e+00
7.486111000000000182e+00
8.217957999999999430e+00
1.037308999999999948e+01
8.859306000000000125e+00
8.158687000000000467e+00
1.251070999999999955e+01
6.768529000000000018e+00
7.986703999999999581e+00
8.683804999999999552e+00
1.105448999999999948e+01
1.174006999999999934e+01
1.055053000000000019e+01
8.919980999999999938e+00
8.514352999999999838e+00
9.227126999999999413e+00
1.107976000000000028e+01
7.750333999999999612e+00
1.108769000000000027e+01
7.534972999999999921e+00
9.228866000000000014e+00
9.447480000000000544e+00
6.099455999999999989e+00
8.601340000000000430e+00
1.138681000000000054e+01
1.223572000000000060e+01
7.193474000000000146e+00
8.614428999999999448e+00
1.130870999999999960e+01
7.250337000000000032e+00
8.050266000000000588e+00
1.021266999999999925e+01
1.077327000000000012e+01
9.037167000000000172e+00
8.082293999999999201e+00
9.788223000000000340e+00
9.528050000000000352e+00
7.851530999999999594e+00
8.735274999999999679e+00
5.976392999999999844e+00
8.531885000000000829e+00
1.068346000000000018e+01
1.030427000000000071e+01
9.502387000000000583e+00
1.113669999999999938e+01
1.068626000000000076e+01
5.258844999999999992e+00
8.202363999999999322e+00
1.010624999999999929e+01
7.127511000000000152e+00
9.562537999999999982e+00
8.451366999999999408e+00
1.156220000000000070e+01
5.587025999999999826e+00
8.728566000000000713e+00
9.045714999999999506e+00
1.034740000000000038e+01
1.035614999999999952e+01
9.772631999999999763e+00
1.074860999999999933e+01
1.015639999999999965e+01
5.908256999999999870e+00
8.544394000000000489e+00
1.129646999999999935e+01
7.344581999999999944e+00
6.245358000000000409e+00
7.829082999999999792e+00
1.056248000000000076e+01
1.157540000000000013e+01
7.467791000000000068e+00
8.089226999999999279e+00
7.940831000000000195e+00
9.965261999999999176e+00
1.100276999999999994e+01
1.062780000000000058e+01
8.698731000000000435e+00
8.312008000000000507e+00
9.958897000000000332e+00
9.185987000000000791e+00
9.899473000000000411e+00
9.665663999999999589e+00
1.153899000000000008e+01
1.012110999999999983e+01
9.009168999999999983e+00
1.254058999999999990e+01
8.582513999999999754e+00
8.766970000000000596e+00
8.255236999999999270e+00
8.451091999999999160e+00
7.754885999999999946e+00
1.053579000000000043e+01
5.969222000000000250e+00
5.703349000000000224e+00
1.163035999999999959e+01
1.043554999999999922e+01
8.688119999999999621e+00
1.015543000000000085e+01
9.660697000000000756e+00
1.071275999999999939e+01
9.316862000000000421e+00
8.788517999999999830e+00
1.091275000000000084e+01
9.423289999999999722e+00
5.930938000000000265e+00
1.165936999999999912e+01
9.527267999999999404e+00
7.536096999999999824e+00
7.884201000000000015e+00
8.432081999999999411e+00
1.004653000000000063e+01
5.564122000000000234e+00
1.020054000000000016e+01
1.009975999999999985e+01
1.090066999999999986e+01
1.008258999999999972e+01
9.212476999999999805e+00
8.595145000000000479e+00
1.205405999999999977e+01
1.037021999999999977e+01
7.462701000000000029e+00
6.052342999999999584e+00
1.135798999999999914e+01
8.728906000000000276e+00
8.427557000000000187e+00
1.153641000000000005e+01
8.464449999999999363e+00
6.421636000000000344e+00
8.074427000000000021e+00
6.293080999999999925e+00
1.026774999999999949e+01
1.039353000000000016e+01
5.879628000000000299e+00
9.165615999999999985e+00
1.039957000000000065e+01
7.647750000000000270e+00
8.066102000000000771e+00
1.135457000000000072e+01
7.788780000000000037e+00
9.838034000000000390e+00
9.508513000000000659e+00
9.320401000000000380e+00
1.188746000000000080e+01
7.861758000000000024e+00
1.050046999999999997e+01
1.026914999999999978e+01
1.035453000000000046e+01
1.054288999999999987e+01
1.172842999999999947e+01
1.075525000000000020e+01
9.414794999999999803e+00
9.190118000000000009e+00
8.713841000000000392e+00
1.212250000000000050e+01
8.554256000000000526e+00
1.056113000000000035e+01
7.283374000000000237e+00
1.000807000000000002e+01
9.080458999999999392e+00
7.971142999999999645e+00
9.646494000000000568e+00
9.370081000000000770e+00
1.156934000000000040e+01
9.771169999999999689e+00
1.110272999999999932e+01
9.518762999999999863e+00
9.034603000000000605e+00
8.112498000000000431e+00
7.513325000000000031e+00
8.299651000000000778e+00
5.201035000000000075e+00
8.346529000000000309e+00
9.383335999999999899e+00
1.101277999999999935e+01
1.104884999999999984e+01
8.247569000000000372e+00
9.494849000000000316e+00
7.390664000000000122e+00
9.270733999999999142e+00
9.869598999999999123e+00
1.196632999999999925e+01
9.302668999999999855e+00
5.572119999999999962e+00
1.044960000000000022e+01
7.435895999999999617e+00
9.155331999999999582e+00
9.550881999999999650e+00
8.654923000000000144e+00
9.838027000000000299e+00
1.088166999999999973e+01
1.033943999999999974e+01
8.653344999999999843e+00
1.001905000000000001e+01
1.137815999999999939e+01
1.120481999999999978e+01
1.119041999999999959e+01
8.855088000000000292e+00
9.256199000000000510e+00
1.011734000000000044e+01
9.194138000000000588e+00
1.067098999999999975e+01
1.088604999999999912e+01
1.019876999999999967e+01
8.791907000000000139e+00
9.801719000000000293e+00
8.526578000000000657e+00
9.880402000000000129e+00
1.087241999999999997e+01
1.063161000000000023e+01
9.433745999999999299e+00
1.183798999999999957e+01
6.501891999999999783e+00
1.090831999999999979e+01
8.201902000000000470e+00
7.169960999999999807e+00
1.194933999999999941e+01
9.645436999999999372e+00
8.691511999999999460e+00
1.095939000000000085e+01
6.981792000000000442e+00
7.641582999999999792e+00
6.641974000000000267e+00
1.023141999999999996e+01
1.151266000000000034e+01
1.001107999999999976e+01
1.122528999999999932e+01
8.045807999999999183e+00
8.963827000000000211e+00
9.145167000000000712e+00
7.540551999999999921e+00
7.789964999999999584e+00
1.038391999999999982e+01
1.093801000000000023e+01
6.828795999999999644e+00
8.353128999999999138e+00
9.920873000000000275e+00
6.604726000000000319e+00
1.000422999999999973e+01
1.029176000000000002e+01
5.290777000000000285e+00
8.104343999999999326e+00
1.034636000000000067e+01
1.061970999999999954e+01
9.813734000000000179e+00
8.573429000000000855e+00
1.030036999999999914e+01
8.884959999999999525e+00
1.073742000000000019e+01
9.835115000000000052e+00
8.912236999999999298e+00
5.625557999999999836e+00
9.013690999999999676e+00
9.632818999999999576e+00
8.126060000000000727e+00
9.801349999999999341e+00
6.266365999999999659e+00
7.990776000000000323e+00
1.092113999999999940e+01
9.533960000000000434e+00
8.375073000000000434e+00
7.294342999999999577e+00
1.130757999999999974e+01
7.236411000000000371e+00
9.146947000000000827e+00
1.131949999999999967e+01
6.837132999999999683e+00
1.224125000000000085e+01
1.075744000000000078e+01
1.098456000000000010e+01
1.047302000000000000e+01
8.623010000000000730e+00
1.116203999999999930e+01
9.517951999999999302e+00
9.675420000000000798e+00
1.078195999999999977e+01
9.526730000000000587e+00
7.655155999999999850e+00
1.028001000000000076e+01
7.056655000000000122e+00
9.220048000000000243e+00
7.772602000000000011e+00
7.567167000000000421e+00
9.872662000000000049e+00
6.124132999999999605e+00
9.979124999999999801e+00
9.791622999999999521e+00
9.278411000000000186e+00
1.110242000000000040e+01
8.312022000000000688e+00
1.186668000000000056e+01
6.620981999999999701e+00
8.394500000000000739e+00
9.869894999999999641e+00
8.172361000000000431e+00
8.944238999999999606e+00
1.015432000000000023e+01
9.022277000000000768e+00
1.120998999999999945e+01
9.049480000000000857e+00
1.098821000000000048e+01
9.967036999999999480e+00
8.415198999999999430e+00
1.193196000000000012e+01
9.864259000000000555e+00
1.041926999999999914e+01
7.529834000000000138e+00
6.729690999999999867e+00
7.649420000000000108e+00
1.163883000000000045e+01
7.254893000000000036e+00
8.233966000000000562e+00
6.640069000000000443e+00
9.221322000000000685e+00
7.445336000000000176e+00
9.616631999999999181e+00
1.094372000000000078e+01
1.121771999999999991e+01
9.306402000000000285e+00
9.767639000000000848e+00
7.925955000000000084e+00
8.955090000000000217e+00
1.107581000000000060e+01
9.028199000000000751e+00
1.058586000000000027e+01
1.015980000000000061e+01
8.454829000000000150e+00
9.387010000000000076e+00
8.187837000000000032e+00
8.386286000000000129e+00
1.007531999999999961e+01
9.522304000000000102e+00
1.056351000000000084e+01
5.585328999999999766e+00
9.871895000000000309e+00
5.873784999999999812e+00
7.531973999999999947e+00
8.663242000000000331e+00
1.050364000000000075e+01
6.574170999999999765e+00
8.549519000000000091e+00
1.311637999999999948e+01
8.605069999999999553e+00
7.772175999999999974e+00
1.029981000000000080e+01
9.311999000000000137e+00
9.328101000000000198e+00
1.028336999999999968e+01
1.240033999999999992e+01
7.608050000000000423e+00
8.522489999999999455e+00
8.507474000000000203e+00
1.109140999999999977e+01
1.022640999999999956e+01
1.012658000000000058e+01
4.793840999999999575e+00
1.191485999999999912e+01
8.221128000000000213e+00
1.241749000000000080e+01
7.795372000000000412e+00
7.558252999999999666e+00
1.141089999999999982e+01
9.219849999999999213e+00
5.161292999999999687e+00
9.716162999999999883e+00
7.893657000000000146e+00
1.177308999999999983e+01
1.073869000000000007e+01
7.679148999999999781e+00
1.020905999999999914e+01
1.081015999999999977e+01
9.946129000000000886e+00
8.948866999999999905e+00
9.506902000000000186e+00
1.055582000000000065e+01
9.526832999999999885e+00
9.956526999999999461e+00
9.421794000000000224e+00
1.052509000000000050e+01
9.574778999999999485e+00
1.106725999999999921e+01
8.788425999999999405e+00
6.476478000000000179e+00
8.816020999999999219e+00
1.013650999999999947e+01
9.323674000000000461e+00
1.001620999999999917e+01
7.968562000000000367e+00
8.540191000000000088e+00
1.267702000000000062e+01
8.878845999999999350e+00
8.544380000000000308e+00
9.989521999999999124e+00
1.095548999999999928e+01
9.195016999999999996e+00
1.051024999999999920e+01
8.829212999999999312e+00
1.112907000000000046e+01
5.607166000000000317e+00
1.211744000000000021e+01
1.060149000000000008e+01
1.195171000000000028e+01
1.014053000000000004e+01
9.333233999999999142e+00
1.062964999999999982e+01
7.972343999999999653e+00
1.019510000000000005e+01
6.553533999999999970e+00
1.084230999999999945e+01
9.994768999999999792e+00
1.083555999999999919e+01
1.038269999999999982e+01
1.072423999999999999e+01
1.063734999999999964e+01
1.163550000000000040e+01
8.129815999999999931e+00
9.920666999999999902e+00
1.025065999999999988e+01
8.374777999999999167e+00
8.325423999999999936e+00
8.301104000000000482e+00
8.594818000000000069e+00
8.818170000000000286e+00
9.441039999999999210e+00
7.879220000000000113e+00
5.571150000000000269e+00
8.596472000000000335e+00
8.197207999999999828e+00
4.778102999999999767e+00
6.249132999999999605e+00
6.444323999999999941e+00
1.104892000000000074e+01
9.914068000000000325e+00
8.700889999999999347e+00
9.903973000000000582e+00
7.035872000000000348e+00
1.079912000000000027e+01
9.376963999999999189e+00
9.066364999999999341e+00
7.747431999999999874e+00
8.607369999999999521e+00
1.123075000000000045e+01
7.399547000000000097e+00
8.099418999999999258e+00
9.762062999999999491e+00
9.581671999999999301e+00
1.058488999999999969e+01
8.492575999999999681e+00
8.566701999999999373e+00
9.843353000000000463e+00
9.323821999999999832e+00
9.731391999999999598e+00
9.505214999999999748e+00
9.677384999999999238e+00
9.429045000000000343e+00
1.047312999999999938e+01
1.235628999999999955e+01
1.102576000000000001e+01
9.207791999999999533e+00
1.048605000000000054e+01
8.585461999999999705e+00
9.180514999999999759e+00
9.589323999999999515e+00
6.331293999999999755e+00
9.735317000000000220e+00
9.438209999999999766e+00
9.304923999999999751e+00
8.835829000000000377e+00
1.120420999999999978e+01
1.378195000000000014e+01
1.156710999999999956e+01
1.003054000000000023e+01
6.314604000000000106e+00
1.030203000000000024e+01
1.095670999999999928e+01
1.014128000000000007e+01
1.061796999999999969e+01
8.352240999999999360e+00
1.147544000000000075e+01
9.332233000000000445e+00
1.066200000000000081e+01
1.065277999999999992e+01
5.272268000000000399e+00
6.092482000000000397e+00
1.084633999999999965e+01
7.854924999999999713e+00
8.820833000000000368e+00
7.587144999999999584e+00
1.031522999999999968e+01
6.699912999999999563e+00
9.085513999999999868e+00
1.088536000000000037e+01
7.311912999999999663e+00
9.650916999999999746e+00
5.893138999999999683e+00
6.883612000000000286e+00
1.058503999999999934e+01
1.139598999999999940e+01
7.328877000000000308e+00
9.026851999999999876e+00
6.999412000000000411e+00
1.029107999999999912e+01
1.118406000000000056e+01
9.393869000000000469e+00
1.050216999999999956e+01
1.011340000000000039e+01
8.983066000000000884e+00
1.085685999999999929e+01
8.376644000000000645e+00
8.877368000000000592e+00
1.053728000000000087e+01
1.092881999999999998e+01
1.089034999999999975e+01
8.965448999999999558e+00
1.017641000000000062e+01
7.284634999999999749e+00
8.748357999999999635e+00
9.431625999999999621e+00
7.046901000000000082e+00
1.171279000000000003e+01
1.172001000000000026e+01
7.726967000000000141e+00
7.544608000000000203e+00
9.085129000000000232e+00
9.099695000000000533e+00
1.010843999999999987e+01
1.121486999999999945e+01
9.915670999999999680e+00
9.768159999999999954e+00
1.263260000000000005e+01
8.961147000000000418e+00
7.335596999999999923e+00
9.484954999999999359e+00
6.255091000000000179e+00
6.998175999999999952e+00
8.478535000000000821e+00
8.897290999999999173e+00
1.086819999999999986e+01
8.419349000000000416e+00
1.075154999999999994e+01
1.029912000000000027e+01
1.012257999999999925e+01
6.244299999999999962e+00
9.814806000000000807e+00
1.179618999999999929e+01
1.041352999999999973e+01
8.574225999999999459e+00
8.505706999999999240e+00
8.939436000000000604e+00
9.421639000000000763e+00
8.169138000000000233e+00
1.077149999999999963e+01
9.819043999999999883e+00
1.111200999999999972e+01
9.686899000000000370e+00
1.115598999999999918e+01
1.015456999999999965e+01
7.052908000000000399e+00
1.149932000000000087e+01
1.159403000000000006e+01
1.092361999999999966e+01
1.183097000000000065e+01
8.560418000000000305e+00
1.093352999999999930e+01
1.072521000000000058e+01
9.832561999999999358e+00
9.875956000000000401e+00
1.044740999999999964e+01
7.781429000000000151e+00
1.060365000000000002e+01
1.064293999999999940e+01
9.181858000000000075e+00
8.525074000000000041e+00
9.783618999999999843e+00
8.849799000000000859e+00
1.009688000000000052e+01
8.438992000000000715e+00
9.569820999999999245e+00
8.145239000000000118e+00
1.039174000000000042e+01
9.847364999999999924e+00
8.938261000000000678e+00
9.364364000000000132e+00
1.048149000000000086e+01
1.174764000000000053e+01
1.280799999999999983e+01
9.107544000000000750e+00
1.101731000000000016e+01
9.430785999999999447e+00
1.088200999999999929e+01
8.211945000000000050e+00
1.006506000000000078e+01
9.932660999999999518e+00
9.046148000000000522e+00
1.010181000000000040e+01
1.020274000000000036e+01
7.153067000000000064e+00
1.145665999999999940e+01
9.632205000000000794e+00
1.079859000000000080e+01
1.160181000000000040e+01
9.910907999999999163e+00
1.054843999999999937e+01
1.061444999999999972e+01
9.409447999999999368e+00
7.468020000000000103e+00
9.903530999999999196e+00
1.026315999999999917e+01
9.847901000000000238e+00
1.105114999999999981e+01
9.419337000000000515e+00
6.324122000000000021e+00
1.073925999999999981e+01
9.574218000000000117e+00
9.864532999999999774e+00
1.176945000000000086e+01
9.615517999999999788e+00
8.854276999999999731e+00
7.965753000000000306e+00
9.497953000000000756e+00
9.283331999999999695e+00
1.098142999999999958e+01
9.639996999999999261e+00
8.150121000000000393e+00
8.914448000000000150e+00
1.129039999999999999e+01
8.379623000000000488e+00
8.273141999999999996e+00
1.102791999999999994e+01
1.160895000000000010e+01
1.019927999999999990e+01
8.883786999999999878e+00
1.211678000000000033e+01
1.016197999999999979e+01
1.063762000000000008e+01
7.205475999999999992e+00
9.704247999999999763e+00
1.034659000000000084e+01
7.491552000000000433e+00
8.501521000000000328e+00
8.956702999999999193e+00
1.184530999999999956e+01
1.080132000000000048e+01
1.104992999999999981e+01
8.959842999999999336e+00
1.047110999999999947e+01
1.144796000000000014e+01
7.364632000000000289e+00
8.586838999999999444e+00
9.443550999999999362e+00
1.044359999999999999e+01
7.143104000000000120e+00
9.813810999999999396e+00
1.024404000000000003e+01
9.708790000000000475e+00
5.630129000000000161e+00
8.901935999999999183e+00
1.053454999999999941e+01
8.059737000000000151e+00
9.293869000000000824e+00
9.885870999999999853e+00
8.778185999999999822e+00
9.563774999999999693e+00
9.175071000000000865e+00
1.104818999999999996e+01
8.480316999999999439e+00
1.068421999999999983e+01
6.834855000000000125e+00
1.173113000000000028e+01
6.512157000000000195e+00
9.950687000000000282e+00
9.450205999999999662e+00
7.009440999999999811e+00
7.225233000000000239e+00
8.402449999999999974e+00
1.112886999999999915e+01
8.432541999999999760e+00
6.684256000000000419e+00
1.141248000000000040e+01
9.748786000000000840e+00
1.032920999999999978e+01
9.059832999999999359e+00
7.487241000000000035e+00
1.109722000000000008e+01
8.745298999999999268e+00
1.013235000000000063e+01
1.159929999999999950e+01
1.050291999999999959e+01
1.007691999999999943e+01
8.038026999999999589e+00
6.926953000000000138e+00
9.210691000000000628e+00
1.195372000000000057e+01
8.208940000000000126e+00
8.890344000000000690e+00
9.111620999999999526e+00
1.096537000000000006e+01
9.085509999999999309e+00
9.395747000000000071e+00
9.199469000000000563e+00
1.082746999999999993e+01
1.031597999999999971e+01
1.225123999999999924e+01
7.654777000000000164e+00
7.688972999999999836e+00
9.508729999999999905e+00
8.196027000000000839e+00
1.187208000000000041e+01
6.244555000000000078e+00
7.679462000000000010e+00
8.932712000000000430e+00
1.108256000000000085e+01
1.076534999999999975e+01
7.296479999999999855e+00
1.071139999999999937e+01
9.365840000000000387e+00
5.807637999999999856e+00
9.925879999999999370e+00
9.052792999999999424e+00
9.970575999999999439e+00
1.061398999999999937e+01
1.042226999999999926e+01
9.345019000000000631e+00
1.027053000000000083e+01
9.446991999999999834e+00
8.861846999999999142e+00
1.021452000000000027e+01
1.151767000000000074e+01
7.199587000000000181e+00
8.983883000000000507e+00
8.085936000000000234e+00
1.037663000000000046e+01
6.950721999999999845e+00
6.344503999999999699e+00
1.241647999999999996e+01
7.752657000000000131e+00
1.032795999999999914e+01
1.131545000000000023e+01
8.108617000000000630e+00
1.047105999999999959e+01
7.049998999999999683e+00
9.588247000000000853e+00
9.440659999999999386e+00
1.065027000000000079e+01
8.955631000000000341e+00
8.475103000000000719e+00
1.077327000000000012e+01
6.289005999999999652e+00
5.619449999999999612e+00
9.815089000000000397e+00
1.001634999999999920e+01
8.073643000000000569e+00
1.116878999999999955e+01
1.009585000000000043e+01
8.006320999999999799e+00
7.713065000000000282e+00
8.368997999999999493e+00
7.365516000000000396e+00
1.253401999999999994e+01
1.178232999999999997e+01
7.840628999999999849e+00
9.758520000000000749e+00
9.297795999999999950e+00
7.608235999999999777e+00
7.510107999999999784e+00
7.735831000000000124e+00
1.094144000000000005e+01
8.652741999999999933e+00
8.806979999999999364e+00
8.894923999999999609e+00
5.871393000000000306e+00
8.109346000000000387e+00
7.294723000000000290e+00
1.048546999999999940e+01
1.127072000000000074e+01
8.356849999999999667e+00
7.018054000000000237e+00
8.025543000000000760e+00
1.074311999999999934e+01
1.089630000000000010e+01
7.807191999999999688e+00
1.017093000000000025e+01
9.849320000000000519e+00
1.036712999999999951e+01
8.890437999999999619e+00
6.393600000000000172e+00
1.073525000000000063e+01
1.125643999999999956e+01
1.039410999999999952e+01
9.457841000000000165e+00
8.683189999999999742e+00
9.876224999999999810e+00
8.832815999999999335e+00
1.129934000000000083e+01
1.104707999999999934e+01
9.029322000000000514e+00
1.093113999999999919e+01
1.126327999999999996e+01
8.901369000000000753e+00
9.716091999999999729e+00
7.577060999999999602e+00
8.474040000000000461e+00
1.086909999999999954e+01
1.049146999999999963e+01
1.072954000000000008e+01
8.438814000000000703e+00
1.034173000000000009e+01
1.142479999999999940e+01
9.216343000000000174e+00
7.953953000000000273e+00
8.264098000000000610e+00
8.266531000000000518e+00
7.834864999999999746e+00
6.789814999999999934e+00
1.171354000000000006e+01
9.507898000000000849e+00
6.475131000000000192e+00
8.031660999999999717e+00
5.571049999999999613e+00
1.185735000000000028e+01
1.143777000000000044e+01
7.861501999999999768e+00
1.157388000000000083e+01
9.640299999999999869e+00
1.142066999999999943e+01
7.800779000000000352e+00
1.042123999999999917e+01
1.016771999999999920e+01
1.022968000000000011e+01
8.679520999999999376e+00
9.041513999999999385e+00
1.068133000000000088e+01
9.412632999999999583e+00
9.909974999999999312e+00
8.068445000000000533e+00
5.820973000000000397e+00
1.205771000000000015e+01
7.627131999999999579e+00
8.782451000000000008e+00
1.084106000000000058e+01
8.263166999999999263e+00
9.826052999999999926e+00
9.933680999999999983e+00
8.431988999999999734e+00
8.609847999999999502e+00
8.963544999999999874e+00
8.343859000000000137e+00
8.379412999999999556e+00
1.097536000000000023e+01
9.770282999999999163e+00
1.222203999999999979e+01
1.065229000000000070e+01
1.074854000000000021e+01
1.093276000000000003e+01
8.660156000000000631e+00
1.045358000000000054e+01
1.057051000000000052e+01
8.560003000000000029e+00
9.948769000000000418e+00
1.190912999999999933e+01
6.280528999999999584e+00
7.039191999999999894e+00
8.945887000000000810e+00
9.537083000000000865e+00
7.092295000000000016e+00
6.847170000000000201e+00
6.051986999999999561e+00
9.233250999999999209e+00
8.264079999999999870e+00
8.487417000000000655e+00
1.000403999999999982e+01
9.106047999999999476e+00
9.388875000000000526e+00
7.889921000000000184e+00
9.556056999999999135e+00
8.678134999999999266e+00
8.382801000000000613e+00
8.053375000000000838e+00
7.390335000000000321e+00
1.031400999999999968e+01
8.798602999999999952e+00
9.197696000000000538e+00
1.172842999999999947e+01
9.139906999999999115e+00
1.143139000000000038e+01
7.957951999999999693e+00
1.202382000000000062e+01
6.368870000000000253e+00
9.331312999999999747e+00
1.180447000000000024e+01
1.251736999999999966e+01
1.139723000000000042e+01
1.051539999999999964e+01
1.093817999999999913e+01
1.162672000000000061e+01
1.056446000000000041e+01
1.004386000000000045e+01
8.457675000000000054e+00
9.059663000000000466e+00
1.187168999999999919e+01
9.473808999999999259e+00
6.101179000000000130e+00
8.302191000000000543e+00
1.149174999999999969e+01
1.116000000000000014e+01
1.033961000000000041e+01
9.436719999999999331e+00
8.156021000000000853e+00
4.535772999999999833e+00
6.382905000000000051e+00
9.640173000000000769e+00
9.157280999999999338e+00
9.873806000000000083e+00
1.145569000000000059e+01
9.912765999999999522e+00
9.356448000000000320e+00
9.821424999999999628e+00
8.196370999999999185e+00
9.912425000000000708e+00
8.104960000000000164e+00
7.109772000000000425e+00
1.198418999999999990e+01
6.634421999999999819e+00
1.000451999999999941e+01
8.104342000000000823e+00
6.578807000000000293e+00
8.175264999999999560e+00
9.368696999999999164e+00
9.372047000000000239e+00
1.037987000000000037e+01
8.400266000000000233e+00
9.743836999999999193e+00
1.034445000000000014e+01
1.045679999999999943e+01
8.609251999999999683e+00
7.673987000000000336e+00
8.776766000000000290e+00
1.133182000000000045e+01
6.922705999999999804e+00
7.669781999999999655e+00
1.047386999999999979e+01
5.756027999999999700e+00
8.972231000000000734e+00
8.559526999999999219e+00
1.176243999999999978e+01
9.820458999999999605e+00
9.190531000000000006e+00
7.846502000000000088e+00
1.042928000000000033e+01
1.034564999999999912e+01
7.350403000000000020e+00
1.051673000000000080e+01
8.534299999999999997e+00
1.012110000000000021e+01
9.276830000000000354e+00
7.843912000000000440e+00
8.127416999999999447e+00
8.780863999999999336e+00
1.053771000000000058e+01
7.032708999999999655e+00
1.109074000000000026e+01
1.248544000000000054e+01
1.238372999999999990e+01
8.443160999999999916e+00
1.053604999999999947e+01
8.491828999999999184e+00
9.653292999999999680e+00
1.087406999999999968e+01
8.025760999999999257e+00
9.245955000000000368e+00
9.591442000000000689e+00
1.027595999999999954e+01
8.756876999999999356e+00
8.514466000000000534e+00
8.111352999999999369e+00
6.971997000000000000e+00
1.037579000000000029e+01
9.387022999999999229e+00
1.009366999999999948e+01
1.073174000000000028e+01
7.082157999999999731e+00
1.108057999999999943e+01
1.181433999999999962e+01
9.687687999999999633e+00
8.398310000000000386e+00
1.029945999999999984e+01
5.757475000000000342e+00
8.977873000000000658e+00
9.288809000000000538e+00
1.063458999999999932e+01
1.054677000000000042e+01
8.309039999999999537e+00
6.752448000000000228e+00
1.081514999999999915e+01
1.013109999999999999e+01
1.013987999999999978e+01
9.041349000000000302e+00
1.018571999999999989e+01
6.453403999999999918e+00
1.171475000000000044e+01
9.402291999999999206e+00
1.136517000000000088e+01
1.023939999999999984e+01
6.802322000000000202e+00
1.231607999999999947e+01
9.642659000000000091e+00
1.234805000000000064e+01
1.165497000000000050e+01
8.449711000000000638e+00
8.891522000000000148e+00
5.868158000000000207e+00
1.022009000000000079e+01
1.026037999999999961e+01
9.333800999999999348e+00
9.704380999999999702e+00
9.077619000000000327e+00
6.856109000000000009e+00
8.744972000000000634e+00
1.033370000000000033e+01
7.255492000000000274e+00
1.142619999999999969e+01
8.622908000000000683e+00
8.877812999999999732e+00
8.371131999999999351e+00
7.549153999999999698e+00
1.087575000000000003e+01
1.101793999999999940e+01
1.058427999999999969e+01
1.166501000000000055e+01
7.663587999999999845e+00
7.941546999999999912e+00
1.015536999999999956e+01
7.010654999999999859e+00
8.403729000000000227e+00
5.209109999999999907e+00
9.972704999999999487e+00
1.037440999999999924e+01
1.097926999999999964e+01
6.379430000000000156e+00
1.048030999999999935e+01
9.583942999999999657e+00
6.149041000000000423e+00
9.658981999999999957e+00
1.138049999999999962e+01
9.990683000000000646e+00
1.207709000000000010e+01
1.041150000000000020e+01
9.348649999999999238e+00
1.045382999999999996e+01
8.989459000000000088e+00
8.294895999999999603e+00
7.028966999999999743e+00
1.084856000000000087e+01
1.036538000000000004e+01
1.216464000000000034e+01
5.026801999999999992e+00
1.024747999999999948e+01
1.188903999999999961e+01
8.667642999999999986e+00
1.146129999999999960e+01
8.812972999999999502e+00
1.045697000000000010e+01
9.161967000000000638e+00
1.141272000000000020e+01
9.736482999999999777e+00
8.529256000000000171e+00
1.069436999999999927e+01
9.977430999999999273e+00
1.001764999999999972e+01
8.565070000000000405e+00
1.004003999999999941e+01
9.197176999999999936e+00
8.279083999999999222e+00
1.029649000000000036e+01
7.796418000000000070e+00
7.682033999999999807e+00
8.863390000000000768e+00
9.534288000000000096e+00
8.471799000000000746e+00
1.057793000000000028e+01
8.772339000000000553e+00
7.350793999999999606e+00
7.712055000000000327e+00
8.745516999999999541e+00
9.551545000000000840e+00
1.078334000000000081e+01
1.251965000000000039e+01
1.097002999999999950e+01
9.149243999999999488e+00
8.699759999999999494e+00
7.224210000000000242e+00
1.118445000000000000e+01
8.868328999999999240e+00
9.384209000000000245e+00
9.385401999999999134e+00
1.113627999999999929e+01
7.438927999999999763e+00
1.048497000000000057e+01
1.118022999999999989e+01
7.969002999999999837e+00
1.112053000000000047e+01
9.428603999999999985e+00
8.847872000000000625e+00
1.003545000000000087e+01
1.112745999999999924e+01
8.178635999999999129e+00
6.974560999999999567e+00
7.533689999999999998e+00
8.772337000000000273e+00
6.380029999999999646e+00
1.063649000000000022e+01
8.218719000000000108e+00
9.861057000000000627e+00
1.026361999999999952e+01
9.643637000000000015e+00
1.044200999999999979e+01
7.181058000000000163e+00
1.037515999999999927e+01
1.097104999999999997e+01
8.426491999999999649e+00
8.210789000000000115e+00
9.439764000000000266e+00
1.046466000000000030e+01
1.182296999999999976e+01
8.934530999999999779e+00
1.092183999999999955e+01
1.223830000000000062e+01
1.085100000000000087e+01
9.548379999999999868e+00
7.878788000000000125e+00
6.845240000000000435e+00
1.089977999999999980e+01
1.051223000000000063e+01
1.316123999999999938e+01
1.213321000000000005e+01
1.115498999999999974e+01
8.576765999999999224e+00
7.407429999999999737e+00
5.523620000000000196e+00
7.756879999999999775e+00
9.354366000000000625e+00
7.785156999999999883e+00
1.077416000000000018e+01
8.288760999999999157e+00
8.514886000000000621e+00
7.846847999999999601e+00
5.941610999999999976e+00
1.091281999999999996e+01
1.070575000000000010e+01
8.868788999999999589e+00
1.062384999999999913e+01
7.898109999999999964e+00
1.111363000000000056e+01
9.363637999999999906e+00
1.129003999999999941e+01
8.457952000000000581e+00
8.269861000000000573e+00
1.028632999999999953e+01
1.273143999999999920e+01
1.098952000000000062e+01
9.181599000000000288e+00
6.142229999999999634e+00
1.081527999999999956e+01
8.532394000000000034e+00
4.654385000000000439e+00
1.030964999999999954e+01
1.012994999999999912e+01
8.994604000000000710e+00
1.033891999999999989e+01
1.083649999999999913e+01
9.204107000000000482e+00
9.087989999999999569e+00
9.981524000000000285e+00
9.167994999999999450e+00
8.311092999999999620e+00
7.667073000000000249e+00
9.494184000000000623e+00
1.102823000000000064e+01
7.381629000000000218e+00
9.118411000000000044e+00
7.980644999999999989e+00
9.776801999999999992e+00
8.309336999999999307e+00
4.077600999999999587e+00
1.022019000000000055e+01
1.086635000000000062e+01
9.791693999999999676e+00
8.297829999999999373e+00
6.171861999999999959e+00
9.628512000000000626e+00
9.315250000000000696e+00
1.094088999999999956e+01
1.072314000000000078e+01
9.046950999999999965e+00
9.774696000000000495e+00
1.091188000000000002e+01
8.587956999999999397e+00
1.214615000000000045e+01
8.471621999999999986e+00
8.085881999999999792e+00
9.813219999999999388e+00
6.937284000000000006e+00
9.600324000000000524e+00
1.125088000000000044e+01
9.745889999999999276e+00
8.812462999999999269e+00
5.364358000000000182e+00
8.565035999999999206e+00
8.750778000000000389e+00
9.858672999999999575e+00
9.449332000000000065e+00
6.599446999999999619e+00
6.333084000000000380e+00
8.168108000000000146e+00
1.016023000000000032e+01
8.213997000000000881e+00
8.216713000000000378e+00
9.043361000000000871e+00
9.102802000000000504e+00
3.989435999999999982e+00
7.863315000000000055e+00
8.691639000000000337e+00
8.663394000000000261e+00
9.053637999999999408e+00
1.108234999999999992e+01
7.110508000000000273e+00
1.054265999999999970e+01
8.079669000000000878e+00
8.259377999999999886e+00
6.835397000000000389e+00
1.325581000000000031e+01
7.527152000000000065e+00
1.115156999999999954e+01
1.039291000000000054e+01
6.397397999999999918e+00
1.033695999999999948e+01
8.812635000000000218e+00
8.488595999999999364e+00
9.896077999999999264e+00
1.015132000000000012e+01
9.279156999999999655e+00
5.712895999999999752e+00
6.369026999999999994e+00
9.696503999999999124e+00
8.996344999999999814e+00
7.542440000000000033e+00
7.576227000000000267e+00
1.129508000000000045e+01
8.665644999999999598e+00
9.088357000000000241e+00
9.106643999999999295e+00
8.667491000000000057e+00
1.115418999999999983e+01
1.162472999999999956e+01
9.564189999999999969e+00
8.076644999999999186e+00
1.058954999999999913e+01
4.477450000000000152e+00
1.144134999999999991e+01
3.636591999999999825e+00
6.093443999999999861e+00
1.091193999999999953e+01
6.831305000000000405e+00
8.040724000000000871e+00
1.196419999999999995e+01
9.824823000000000306e+00
1.004279999999999973e+01
8.498739999999999739e+00
9.631038999999999461e+00
6.658941000000000443e+00
9.677236000000000615e+00
1.042148000000000074e+01
7.601344000000000101e+00
1.085801999999999978e+01
9.045645000000000380e+00
1.170978000000000030e+01
7.296022999999999925e+00
7.998211000000000404e+00
8.869075000000000486e+00
9.139874000000000720e+00
9.624408999999999992e+00
9.530421999999999727e+00
1.024056999999999995e+01
9.801244000000000511e+00
1.269771000000000072e+01
1.093328999999999951e+01
9.556094999999999118e+00
9.354525999999999897e+00
9.835646999999999807e+00
1.065376999999999974e+01
9.681908999999999210e+00
7.221347999999999878e+00
9.350516000000000716e+00
9.307648000000000366e+00
1.043242000000000047e+01
1.256241999999999948e+01
1.001390999999999920e+01
7.903667999999999694e+00
1.004101999999999961e+01
8.461268999999999707e+00
9.292887999999999593e+00
8.467147000000000645e+00
9.698059000000000651e+00
1.198348999999999975e+01
1.132285000000000075e+01
7.885280999999999985e+00
8.541938999999999282e+00
4.442145000000000010e+00
1.083915000000000006e+01
1.105672000000000033e+01
9.985350000000000392e+00
1.006414999999999971e+01
1.028782999999999959e+01
9.151163999999999632e+00
5.691746000000000194e+00
1.057722000000000051e+01
8.753043999999999158e+00
9.736387000000000569e+00
6.277362000000000108e+00
3.642412999999999901e+00
7.816521999999999970e+00
1.015761999999999965e+01
8.962037999999999727e+00
9.138927999999999940e+00
8.045973000000000042e+00
1.098969999999999914e+01
1.009787000000000035e+01
7.161012000000000377e+00
1.269110000000000049e+01
8.996850999999999487e+00
8.423586999999999492e+00
9.386024000000000811e+00
9.183020000000000849e+00
1.100328999999999979e+01
7.963081999999999994e+00
1.105352000000000068e+01
5.784316999999999709e+00
8.798329000000000732e+00
8.159902000000000655e+00
9.933752999999999389e+00
8.478327000000000169e+00
8.088084000000000273e+00
1.070955000000000013e+01
9.574970999999999677e+00
9.325972000000000151e+00
6.679142999999999830e+00
7.671382999999999619e+00
9.287394000000000815e+00
9.439980000000000260e+00
8.207682999999999396e+00
5.576291999999999582e+00
8.336361000000000132e+00
1.036711000000000027e+01
9.365629999999999455e+00
1.017037000000000013e+01
8.988416000000000849e+00
8.905623000000000289e+00
6.290789000000000186e+00
9.387560999999999822e+00
7.777847000000000399e+00
1.169711000000000034e+01
1.090527999999999942e+01
8.265212999999999255e+00
8.448385999999999285e+00
9.921704999999999330e+00
9.215047999999999462e+00
8.118714999999999904e+00
8.924810000000000798e+00
9.509344000000000463e+00
6.732535000000000380e+00
8.399511999999999645e+00
9.396264999999999645e+00
1.216680999999999990e+01
8.176904999999999646e+00
4.852275999999999812e+00
8.351449000000000567e+00
9.157204000000000121e+00
1.012298000000000009e+01
7.598597999999999963e+00
9.236485000000000056e+00
9.882006999999999763e+00
1.189134999999999920e+01
1.146236000000000033e+01
1.011631000000000036e+01
8.379051999999999722e+00
8.592625999999999209e+00
8.801942000000000377e+00
1.061209000000000024e+01
9.936052999999999358e+00
9.073620999999999270e+00
8.693118000000000123e+00
9.257246000000000308e+00
1.059600000000000009e+01
9.150104000000000681e+00
1.162195000000000000e+01
1.193779999999999930e+01
1.121649000000000029e+01
1.042886000000000024e+01
1.176075999999999944e+01
8.040699000000000041e+00
1.069332999999999956e+01
9.502935000000000798e+00
9.046369999999999578e+00
8.692688999999999666e+00
9.039061999999999486e+00
8.156105000000000160e+00
8.584260999999999697e+00
8.448733999999999966e+00
8.863469000000000264e+00
1.029462000000000010e+01
8.586287000000000447e+00
9.738982000000000028e+00
5.277211000000000318e+00
1.070030000000000037e+01
8.254638999999999172e+00
1.079358000000000040e+01
6.078774000000000122e+00
1.181555000000000000e+01
9.680450999999999695e+00
7.583886999999999823e+00
9.028871000000000535e+00
9.782460999999999629e+00
9.377095999999999876e+00
1.124945999999999913e+01
8.845705000000000595e+00
7.232550999999999952e+00
7.853158999999999779e+00
8.603469000000000477e+00
9.968752999999999531e+00
8.859647999999999968e+00
6.697174000000000404e+00
9.763550999999999647e+00
1.069907000000000075e+01
1.040835000000000043e+01
9.350077000000000638e+00
1.045162999999999975e+01
1.121349000000000018e+01
9.878187999999999747e+00
9.899682999999999566e+00
1.270856999999999992e+01
1.078598999999999997e+01
1.076162000000000063e+01
9.157536000000000342e+00
9.098302999999999585e+00
6.538128000000000384e+00
9.417861999999999512e+00
1.020284000000000013e+01
8.072573999999999472e+00
8.839256999999999920e+00
8.029560000000000031e+00
1.009046000000000021e+01
8.233055000000000234e+00
4.130213000000000356e+00
9.373165999999999443e+00
8.772259000000000029e+00
8.334270999999999319e+00
9.291705000000000325e+00
9.248568999999999818e+00
1.005748999999999960e+01
9.235191999999999624e+00
1.163972000000000051e+01
9.656299000000000632e+00
1.146871999999999936e+01
1.075972999999999935e+01
8.874328999999999468e+00
6.719322000000000017e+00
1.008090999999999937e+01
7.037452000000000041e+00
1.069231000000000087e+01
9.115242000000000289e+00
7.533996000000000137e+00
9.927765000000000839e+00
7.343415000000000248e+00
1.081574999999999953e+01
9.908481999999999346e+00
1.158348999999999940e+01
1.051596999999999937e+01
8.554182000000000841e+00
7.438327000000000133e+00
8.989236000000000004e+00
1.033052999999999955e+01
9.991215999999999653e+00
7.305574000000000012e+00
1.057066000000000017e+01
7.789538000000000295e+00
1.075140999999999991e+01
5.429456000000000060e+00
6.421301999999999843e+00
9.873533999999999367e+00
1.035222000000000087e+01
9.585851999999999151e+00
7.767214000000000063e+00
7.339501000000000275e+00
8.954069999999999752e+00
1.159247000000000050e+01
7.456386000000000180e+00
7.594583000000000084e+00
1.094491000000000014e+01
1.059585000000000043e+01
9.086959000000000231e+00
8.567223000000000255e+00
9.643689999999999429e+00
1.042441999999999958e+01
8.898315000000000197e+00
1.103172999999999959e+01
9.319803999999999533e+00
6.113109999999999822e+00
9.326309000000000182e+00
5.436035999999999646e+00
1.248788000000000054e+01
9.281373000000000317e+00
1.211469999999999914e+01
9.853393999999999764e+00
8.449631000000000114e+00
7.950866999999999685e+00
1.052430000000000021e+01
9.921459000000000472e+00
9.991436000000000206e+00
8.656373000000000317e+00
1.073645999999999923e+01
4.862949999999999662e+00
1.179412999999999911e+01
1.015517999999999965e+01
8.491004000000000218e+00
8.623258999999999119e+00
1.037315000000000076e+01
7.680622999999999756e+00
7.452015000000000278e+00
1.048597999999999963e+01
8.136965000000000003e+00
1.176815999999999995e+01
1.110126999999999953e+01
9.892310999999999410e+00
9.890762999999999749e+00
9.984578000000000841e+00
8.705220000000000624e+00
9.981858000000000786e+00
5.821419999999999817e+00
1.116069000000000067e+01
9.190908999999999551e+00
8.108249000000000706e+00
8.428917999999999466e+00
5.838359999999999772e+00
9.716112000000000748e+00
1.054471999999999987e+01
9.334196999999999633e+00
8.830634999999999124e+00
8.281166999999999945e+00
8.752973000000000781e+00
8.353685999999999723e+00
1.106026999999999916e+01
7.812664999999999971e+00
9.561764999999999404e+00
9.207660000000000622e+00
1.006583000000000006e+01
8.189237999999999573e+00
7.536871999999999794e+00
1.017717999999999989e+01
9.703979999999999606e+00
1.103317000000000014e+01
1.056155000000000044e+01
1.013311999999999991e+01
1.056640999999999941e+01
9.005554000000000059e+00
1.135077000000000069e+01
1.087346999999999930e+01
7.545484000000000080e+00
1.091862000000000066e+01
7.614962000000000231e+00
8.389177000000000106e+00
8.129307000000000727e+00
8.551472999999999658e+00
1.061654000000000053e+01
9.353811000000000320e+00
1.014212000000000025e+01
9.872804999999999609e+00
1.107704000000000022e+01
9.106182000000000443e+00
1.084872000000000014e+01
1.034246000000000087e+01
9.006664000000000669e+00
7.593880000000000408e+00
1.155954999999999977e+01
1.179138999999999982e+01
9.734657999999999589e+00
6.517369999999999663e+00
7.918506999999999962e+00
1.047410999999999959e+01
1.092014999999999958e+01
9.289759999999999351e+00
9.236288000000000054e+00
9.622080999999999662e+00
1.072930999999999990e+01
4.471924999999999706e+00
6.697956999999999717e+00
1.217001999999999917e+01
9.781506999999999508e+00
8.163968999999999809e+00
9.753185000000000215e+00
8.941648999999999958e+00
6.099954999999999572e+00
9.777195999999999998e+00
9.346546999999999272e+00
8.758015000000000327e+00
1.027056999999999931e+01
8.426387999999999323e+00
1.055715000000000003e+01
9.784088000000000562e+00
7.077505999999999631e+00
1.047613999999999912e+01
9.931305000000000049e+00
9.724156000000000688e+00
1.078810000000000002e+01
1.050384000000000029e+01
1.001609000000000016e+01
1.200183999999999962e+01
9.896008000000000138e+00
8.130589000000000510e+00
8.909205000000000041e+00
8.671518999999999977e+00
1.211492999999999931e+01
9.583816999999999808e+00
1.130094000000000065e+01
1.286115999999999993e+01
6.317895000000000039e+00
1.038893000000000022e+01
9.005273000000000749e+00
8.321685000000000443e+00
4.304198000000000413e+00
7.007333000000000034e+00
8.832458000000000808e+00
8.980748000000000175e+00
1.079632999999999932e+01
7.426315999999999917e+00
9.757134999999999891e+00
8.654343000000000785e+00
9.394197000000000131e+00
7.296467999999999954e+00
1.148142999999999958e+01
1.120421999999999940e+01
8.989212999999999454e+00
8.909440000000000026e+00
8.099024000000000001e+00
1.081753999999999927e+01
1.022788000000000075e+01
9.082485999999999393e+00
8.223100000000000520e+00
7.794813999999999687e+00
8.843132000000000659e+00
6.263446000000000069e+00
1.045299999999999940e+01
7.797638000000000069e+00
1.041958999999999946e+01
8.521000000000000796e+00
9.331307999999999936e+00
8.444558000000000675e+00
9.490204999999999558e+00
9.556247000000000824e+00
5.493479999999999919e+00
1.191808999999999941e+01
7.496754000000000140e+00
8.873844999999999317e+00
7.985473999999999961e+00
9.884349000000000274e+00
7.727840999999999738e+00
1.017562999999999995e+01
1.150656999999999996e+01
1.053619999999999912e+01
1.023216000000000037e+01
8.812030000000000030e+00
9.384133000000000280e+00
1.226548000000000016e+01
1.027513000000000076e+01
9.915642999999999319e+00
1.045426999999999929e+01
9.457300000000000040e+00
8.378814999999999458e+00
8.955109000000000208e+00
9.177512999999999366e+00
1.105812000000000062e+01
9.213547999999999405e+00
9.385645999999999489e+00
1.120109000000000066e+01
9.714399000000000228e+00
9.867839000000000027e+00
9.761559000000000097e+00
8.903672000000000253e+00
8.783106999999999331e+00
1.034047999999999945e+01
1.072983999999999938e+01
9.984636000000000067e+00
1.025517999999999930e+01
9.556001999999999441e+00
7.617949000000000304e+00
8.069205000000000183e+00
1.037378000000000000e+01
6.896462999999999788e+00
5.542148000000000074e+00
1.059774999999999956e+01
9.314856000000000691e+00
9.393667000000000655e+00
1.050839999999999996e+01
9.439227999999999952e+00
1.042751999999999946e+01
1.143904000000000032e+01
7.162078000000000166e+00
9.991828999999999184e+00
1.046155000000000079e+01
9.797181999999999391e+00
7.055428000000000033e+00
8.005126000000000630e+00
8.226601000000000496e+00
9.563632000000000133e+00
8.710122000000000142e+00
8.419672000000000267e+00
7.870517999999999681e+00
6.563165999999999833e+00
8.423617000000000132e+00
1.111095000000000077e+01
1.084615999999999936e+01
7.446435000000000137e+00
1.074609000000000059e+01
8.940504000000000673e+00
4.591350000000000264e+00
1.053118000000000087e+01
1.063280999999999921e+01
6.644574000000000424e+00
9.212450000000000472e+00
7.737063000000000024e+00
6.749888000000000332e+00
1.185671999999999926e+01
6.727475000000000094e+00
9.877817999999999543e+00
1.153384999999999927e+01
9.463853000000000293e+00
9.602142000000000621e+00
9.561111000000000359e+00
1.021852999999999945e+01
9.699947999999999126e+00
9.881396000000000512e+00
1.011692999999999998e+01
1.033788999999999980e+01
8.450870999999999356e+00
1.189547999999999917e+01
1.099834000000000067e+01
8.545237999999999445e+00
9.406710999999999601e+00
9.612850999999999146e+00
1.094647999999999932e+01
8.237458999999999421e+00
7.141487999999999836e+00
5.633231999999999573e+00
1.038031999999999933e+01
9.227847000000000577e+00
8.687348000000000070e+00
1.084437999999999924e+01
9.030089000000000254e+00
8.167550999999999561e+00
6.321698999999999735e+00
6.107534000000000241e+00
1.251638999999999946e+01
1.153673000000000037e+01
9.345352000000000103e+00
9.653503000000000611e+00
9.379208000000000212e+00
9.418447000000000457e+00
9.680794999999999817e+00
8.457798999999999623e+00
1.034586999999999968e+01
7.888379999999999725e+00
1.085913000000000039e+01
8.960444000000000742e+00
9.232943999999999818e+00
1.073741000000000057e+01
9.265123000000000886e+00
7.789602999999999611e+00
1.023720999999999925e+01
1.045959000000000039e+01
8.840491999999999351e+00
8.621375999999999706e+00
1.051825000000000010e+01
1.169541000000000075e+01
1.068026000000000053e+01
5.079835000000000100e+00
8.451793000000000333e+00
1.020597000000000065e+01
9.105067999999999273e+00
9.725972999999999757e+00
1.124717000000000056e+01
6.756123999999999796e+00
1.045274000000000036e+01
7.320611999999999675e+00
9.352494999999999337e+00
9.538648999999999489e+00
5.690769000000000410e+00
1.065823999999999927e+01
9.705078999999999567e+00
9.660723000000000837e+00
8.349076000000000164e+00
9.257234000000000407e+00
1.062565000000000026e+01
8.566784000000000177e+00
9.776488000000000511e+00
8.224425000000000097e+00
8.782315000000000538e+00
1.186776000000000053e+01
8.643136999999999404e+00
9.417498000000000147e+00
7.090387999999999913e+00
1.019109000000000087e+01
1.027802999999999933e+01
9.656340999999999397e+00
9.807484000000000535e+00
1.017056000000000004e+01
7.779266999999999932e+00
1.022667000000000037e+01
1.085022000000000020e+01
1.098013000000000083e+01
1.047481999999999935e+01
1.027494000000000085e+01
6.387846999999999831e+00
1.042287999999999926e+01
1.023686000000000007e+01
9.050748999999999711e+00
8.342826000000000519e+00
1.021640999999999977e+01
1.107700999999999958e+01
1.103875999999999991e+01
1.132159000000000049e+01
1.036097000000000001e+01
9.083346000000000586e+00
9.931238000000000454e+00
7.889005000000000045e+00
8.886048999999999864e+00
1.041524000000000072e+01
8.976858000000000004e+00
7.313304999999999723e+00
9.985507999999999384e+00
7.296683999999999948e+00
1.121529999999999916e+01
9.039265999999999579e+00
1.114694000000000074e+01
1.002805999999999997e+01
1.063673000000000002e+01
9.700003000000000597e+00
8.673006000000000881e+00
1.092182999999999993e+01
7.529073000000000349e+00
9.497327999999999548e+00
7.684981999999999758e+00
5.607522000000000340e+00
8.587334999999999496e+00
6.220417999999999559e+00
9.966224000000000416e+00
1.257546999999999926e+01
8.237237999999999616e+00
9.773429999999999396e+00
9.066456000000000515e+00
1.028993999999999964e+01
6.253677999999999848e+00
8.349342000000000041e+00
7.928721999999999603e+00
8.301164999999999239e+00
7.565774000000000221e+00
1.098976000000000042e+01
8.593056999999999945e+00
1.039531000000000027e+01
6.603773000000000337e+00
5.343334999999999724e+00
1.023797000000000068e+01
1.081389000000000067e+01
7.357808999999999600e+00
9.137188000000000088e+00
7.847968999999999973e+00
9.952963999999999700e+00
9.075143999999999878e+00
1.068816999999999950e+01
1.016751999999999967e+01
9.841675999999999647e+00
1.139128000000000007e+01
6.749400999999999762e+00
1.260098999999999947e+01
1.064457999999999949e+01
8.994120000000000559e+00
9.311465999999999354e+00
1.018556000000000061e+01
9.095152999999999821e+00
9.417225000000000179e+00
9.721458999999999406e+00
1.085623000000000005e+01
1.054845000000000077e+01
9.164970000000000283e+00
8.140140000000000597e+00
1.357108999999999988e+01
8.109116999999999464e+00
9.201133000000000450e+00
9.103666000000000480e+00
7.084818000000000282e+00
8.209469000000000349e+00
1.000366000000000000e+01
9.142139999999999489e+00
9.895174000000000802e+00
1.001384000000000007e+01
1.021512000000000064e+01
9.513932999999999751e+00
9.293706000000000245e+00
9.888799000000000561e+00
1.004969999999999963e+01
8.939920000000000755e+00
1.139678999999999931e+01
1.127021000000000051e+01
6.109226999999999741e+00
1.046692999999999962e+01
8.348824999999999719e+00
1.010542000000000051e+01
7.549971000000000210e+00
1.007234000000000052e+01
1.127045000000000030e+01
7.787321000000000382e+00
1.000670000000000037e+01
1.146697999999999951e+01
1.068538999999999994e+01
8.721937000000000495e+00
9.533072999999999908e+00
9.703122999999999720e+00
1.184734000000000087e+01
9.542638999999999427e+00
8.751400000000000290e+00
9.653247999999999607e+00
8.969153999999999627e+00
1.060444999999999993e+01
7.576118000000000130e+00
1.020203000000000060e+01
7.589343000000000394e+00
8.955818999999999974e+00
9.060617000000000587e+00
9.555512999999999479e+00
1.089405000000000001e+01
1.000023000000000017e+01
9.825746000000000535e+00
7.640576000000000256e+00
1.008056999999999981e+01
1.063197000000000081e+01
8.208479000000000525e+00
7.013678999999999775e+00
9.556642999999999333e+00
9.200566000000000244e+00
7.256821999999999662e+00
6.410319999999999574e+00
8.691563999999999623e+00
1.110003999999999991e+01
8.682078000000000628e+00
1.007661000000000051e+01
8.795362000000000791e+00
9.507578000000000529e+00
1.016604000000000063e+01
1.010702000000000034e+01
9.805025999999999797e+00
9.229371000000000436e+00
7.118596000000000146e+00
8.435781999999999670e+00
7.727514000000000216e+00
1.109164999999999957e+01
1.105302999999999969e+01
9.914963999999999444e+00
1.188175999999999988e+01
5.471155999999999686e+00
1.019758000000000031e+01
9.147308000000000661e+00
8.723093000000000430e+00
1.167592999999999925e+01
1.139157999999999937e+01
7.724802999999999642e+00
9.225977999999999568e+00
1.003457000000000043e+01
6.440934999999999633e+00
1.000200000000000067e+01
1.154296000000000078e+01
1.049709000000000003e+01
1.002788999999999930e+01
9.913334000000000756e+00
7.492073000000000427e+00
7.772921000000000191e+00
9.312530000000000641e+00
8.705111999999999739e+00
1.272667999999999999e+01
9.298574999999999591e+00
1.111881999999999948e+01
1.121842000000000006e+01
9.132103000000000748e+00
1.000023999999999980e+01
8.797724000000000544e+00
9.220613999999999422e+00
1.113263000000000069e+01
1.004973999999999990e+01
8.041175000000000850e+00
8.864183999999999841e+00
8.857153999999999527e+00
8.127520000000000522e+00
1.138517000000000046e+01
7.929202000000000083e+00
9.515651999999999333e+00
1.077158000000000015e+01
8.660446999999999562e+00
1.127483999999999931e+01
8.898787999999999698e+00
1.014157999999999937e+01
8.046682000000000556e+00
1.109664000000000073e+01
1.167266000000000048e+01
1.021522000000000041e+01
9.740365999999999858e+00
1.115970000000000084e+01
9.280430000000000845e+00
1.129434999999999967e+01
1.123643999999999998e+01
1.011694999999999922e+01
1.064870999999999945e+01
1.211332999999999949e+01
1.152373000000000047e+01
1.158712000000000053e+01
9.568412999999999613e+00
7.695698000000000150e+00
9.690331999999999724e+00
4.952218000000000231e+00
1.130075000000000074e+01
1.080394000000000077e+01
9.175482000000000582e+00
5.739145999999999859e+00
8.441266999999999854e+00
8.148702999999999363e+00
1.023836999999999975e+01
9.412318000000000850e+00
1.145251000000000019e+01
9.839741000000000071e+00
9.334794999999999732e+00
1.175761999999999929e+01
9.443407999999999802e+00
1.021555000000000035e+01
8.013749000000000677e+00
9.468387999999999138e+00
5.731246999999999758e+00
6.398479000000000028e+00
7.811017999999999795e+00
1.113738000000000028e+01
6.459513000000000282e+00
9.583016999999999896e+00
8.733983999999999526e+00
1.101333999999999946e+01
1.103406000000000020e+01
1.003312999999999988e+01
1.098248000000000069e+01
6.624080000000000190e+00
9.046792999999999196e+00
9.843073999999999657e+00
6.681752000000000358e+00
9.163195999999999231e+00
9.152369000000000199e+00
6.582994000000000234e+00
1.063161000000000023e+01
1.007398000000000060e+01
1.016451999999999956e+01
8.423479999999999634e+00
7.841497000000000384e+00
1.230260999999999960e+01
9.731977999999999795e+00
1.073666000000000054e+01
1.126754000000000033e+01
7.949482999999999855e+00
8.397586000000000439e+00
9.916484000000000520e+00
9.888132000000000588e+00
5.499170000000000336e+00
9.497949000000000197e+00
9.637767999999999446e+00
5.358825999999999645e+00
7.158313999999999844e+00
1.017205000000000048e+01
1.108634999999999948e+01
7.508174999999999599e+00
1.075484999999999935e+01
7.784257000000000204e+00
8.447312000000000154e+00
1.101182999999999979e+01
9.525527000000000299e+00
8.578457000000000221e+00
8.791482000000000241e+00
8.771323000000000647e+00
1.101967999999999925e+01
1.185580000000000034e+01
8.509912999999999172e+00
8.636858999999999398e+00
8.247832999999999970e+00
1.220411000000000001e+01
6.433507999999999782e+00
7.916532000000000124e+00
7.957002000000000130e+00
8.350543000000000049e+00
9.475851999999999720e+00
1.026720000000000077e+01
9.940485999999999933e+00
1.191269999999999918e+01
9.310442999999999358e+00
7.939068999999999932e+00
7.335475999999999885e+00
9.307213000000000847e+00
1.052532000000000068e+01
6.446722000000000286e+00
1.011977000000000082e+01
8.452927999999999997e+00
9.502784000000000120e+00
6.678396000000000221e+00
9.176059000000000410e+00
9.310968000000000799e+00
1.121345999999999954e+01
1.032615000000000016e+01
1.204485999999999990e+01
1.234003000000000050e+01
1.221235000000000070e+01
9.204587999999999326e+00
1.228911000000000087e+01
1.035149000000000008e+01
4.019576999999999956e+00
7.585577999999999932e+00
1.051964000000000077e+01
1.034312000000000076e+01
1.000669000000000075e+01
1.026230999999999938e+01
7.910669999999999646e+00
7.724067999999999934e+00
6.898118000000000194e+00
1.199521000000000015e+01
8.600122999999999962e+00
1.078012999999999977e+01
1.108404999999999951e+01
9.911823999999999302e+00
6.448144000000000098e+00
8.779448000000000363e+00
9.795457000000000747e+00
9.363046999999999898e+00
8.905124000000000706e+00
8.637745000000000672e+00
9.555690999999999491e+00
1.059356000000000009e+01
6.847540999999999656e+00
9.603009999999999380e+00
8.949935999999999225e+00
9.738384999999999181e+00
9.245132999999999157e+00
6.659970000000000390e+00
1.271657000000000082e+01
8.170130000000000337e+00
8.698757999999999768e+00
1.084825999999999979e+01
7.339370999999999867e+00
8.382034000000000873e+00
5.751083999999999641e+00
1.036284000000000027e+01
8.989183000000000590e+00
9.993622000000000227e+00
9.349579000000000306e+00
7.863785000000000025e+00
9.581568000000000751e+00
8.138446000000000069e+00
6.303848000000000340e+00
9.330534000000000106e+00
6.746046999999999905e+00
1.144206999999999930e+01
7.898532999999999582e+00
7.736978999999999829e+00
1.046019000000000077e+01
7.920189999999999841e+00
9.894275000000000375e+00
7.794495999999999647e+00
1.134364000000000061e+01
1.115737999999999985e+01
9.086318000000000339e+00
1.049517999999999951e+01
7.860966999999999594e+00
1.098624000000000045e+01
8.743271999999999267e+00
9.298902999999999253e+00
1.089124999999999943e+01
9.118657999999999930e+00
9.634864000000000317e+00
9.022885000000000488e+00
4.847495000000000331e+00
5.071717999999999726e+00
1.189512000000000036e+01
1.090155999999999992e+01
1.118445000000000000e+01
1.005325999999999986e+01
1.023657000000000039e+01
7.361439999999999984e+00
1.044837000000000060e+01
1.060562999999999967e+01
9.194103999999999388e+00
9.940649000000000513e+00
6.323474000000000039e+00
7.812189000000000050e+00
8.964218999999999937e+00
1.177341000000000015e+01
9.019382999999999484e+00
1.021693999999999924e+01
8.232870000000000132e+00
1.126797999999999966e+01
8.657052000000000191e+00
